225 0 7 
223 1 6 
213 2 5 
203 3 4 
103 4 3 
103 5 4 
202 3 2 
103 4 3 
212 4 5 
202 5 4 
202 6 5 
112 4 3 
202 5 4 
113 2 3 
112 3 2 
112 4 3 
108 2 1 
112 3 2 
212 3 4 
218 3 6 
208 4 5 
118 5 6 
108 6 5 
108 7 6 
108 5 4 
108 6 5 
208 3 4 
118 4 5 
213 1 4 
113 2 3 
208 3 4 
212 1 2 
207 2 1 
207 3 2 
122 1 0 
207 2 1 
208 2 3 
218 2 5 
135 2 7 
133 3 6 
134 4 7 
132 5 6 
124 6 7 
122 7 6 
122 8 7 
114 6 5 
122 7 6 
124 4 5 
124 5 6 
125 2 5 
134 3 6 
215 0 5 
205 1 4 
125 2 5 
115 0 3 
114 1 2 
25 2 3 
110 0 1 
20 1 0 
20 2 1 
103 0 -1 
20 1 0 
25 1 2 
125 1 4 
135 1 6 
223 0 6 
213 1 5 
203 2 4 
103 3 3 
202 4 4 
202 2 2 
202 3 3 
208 3 5 
198 4 4 
108 5 5 
108 3 3 
108 4 4 
113 1 3 
112 2 2 
108 3 3 
108 1 1 
108 2 2 
208 2 4 
133 2 6 
123 3 5 
132 4 6 
122 5 5 
122 6 6 
122 4 4 
122 5 5 
123 2 4 
132 3 5 
213 0 4 
113 1 3 
123 2 4 
212 0 2 
207 1 1 
122 2 2 
122 0 0 
122 1 1 
123 1 3 
133 1 5 
218 1 7 
216 2 6 
213 3 7 
211 4 6 
113 5 7 
111 6 6 
103 7 7 
103 5 5 
103 6 6 
203 3 5 
113 4 6 
208 1 5 
213 2 6 
0 103 207 220 318 443 537 761 
-1 0 207 112 235 321 543 537 
-1 -1 0 112 198 410 321 543 
-1 -1 -1 0 202 207 410 333 
-1 -1 -1 -1 0 202 122 240 
-1 -1 -1 -1 -1 0 108 111 
-1 -1 -1 -1 -1 -1 0 122 
-1 -1 -1 -1 -1 -1 -1 0 
224
